-0.293157909 -0.684638964 -0.417122002 0.577715161 -0.526227512 0.045902895 -0.749524223 -0.853675453
-1.214511336 -0.19445367 0.821002037 -0.206836292 -0.333811912 -1.077764131 0.840088327 0.813296702
1.712140728 2.078223601 -1.339645796 0.891535742 0.051019288 0.083931235 -0.749524223 -0.080430548
-0.509946951 0.206607025 -0.004413989 0.219063068 -0.943127979 -0.701706102 1.325603473 -0.724201887
2.03732429 -0.862888162 0.578232617 1.295019346 -0.718643112 -1.581428369 0.316810893 1.692638
1.115970863 1.231539912 -1.38819968 -0.677567164 -1.744859646 0.623370282 0.689039171 0.248648097
0.573998258 0.652230019 0.165524604 -2.381164605 -0.333811912 -0.358324275 -0.749524223 0.987726366
-0.076368867 -0.684638964 1.86491054 -0.00509449 0.018950021 1.174076984 -0.749524223 -1.427315277
1.224365384 1.008728415 -0.004413989 -0.767230187 1.269651422 -0.143112039 -0.749524223 -0.432886365
0.032025654 0.741354618 0.699617327 0.891535742 -0.173465579 -0.692691976 1.589939496 -0.862666672
-1.973272983 -1.442198055 0.11697072 1.227772079 1.045166555 2.401969832 -0.749524223 -0.601921298
0.086222914 0.072920126 0.23835543 -1.12588228 0.147227088 -0.77748109 -0.749524223 1.428296137
0.194617435 0.875041516 0.748171211 0.734625451 1.013097288 -0.488747397 2.183346896 -1.035298093
-0.130566127 0.56310542 -1.752353809 1.608839928 -0.590366046 0.213790975 -0.749524223 -0.925605211
-0.835130513 -1.397635755 -0.101521757 -1.170713791 -1.071405046 -0.689029988 -0.476197178 0.534568887
0.248814696 -0.372702868 2.034849134 0.219063068 1.911036755 1.99351729 -0.749524223 -0.868061404
-1.919075722 -1.932383349 -0.781276132 -1.103466524 1.846898222 -0.90142531 -0.076995836 1.469655749
-0.347355169 0.830479217 -0.441398944 0.062152777 -0.173465579 0.345340862 -0.749524223 0.00948165
0.248814696 0.429418522 -1.558138274 0.667378184 -1.712790379 1.293795833 -0.749524223 -0.839289501
